101;1;Plan 2004                                                   
101;2;Plan 1996                                                   
201;95;Plan 1995
202;95;Plan 1995
204;25;Plan 2005
206;25;Plan 2005
301;2;Plan 2000                                                   
310;95;Plan 1995
323;2;Plan 2000                                                   
324;2;Plan 2000                                                   
332;2;Plan 2000                                                   
333;2;Plan 2000                                                   
444;28;Plan 2008
444;96;Plan 1996
